0000000000000000000000000000
0000000000000000000000000000
0000000000000000000000000000
0000000000000000000000000000
0000000000000000000000000000
0000000000000000000000000000
000000000000[0, 1]00[1, 1]000000000000
0000000000000000000000000000
0000000000000000000000000000
0000000000[11, 1]000000[2, 1]0000000000
0000000000000000000000000000
0000000000000000000000000000
000000000[10, 2]0000000[3, 1]0000000000
0000000000000000000000000000
0000000000000000000000000000
00000000[9, 2]00000000[4, 1]0000000000
0000000000000000000000000000
0000000000000000000000000000
00000000[8, 2]00000000[5, 2]0000000000
0000000000000000000000000000
00000000000[7, 2]00[6, 2]00000[18, 1]0000000
0000000000000000000000000000
0000000000000000000000000000
0000000000000000000000000000
0000000000000000000000000000
0000000000000000000000000000
0000000000000000000000000000
0000000000000000000000000000
