0000000000000000000000000000
0000000000000000000000000000
0000000000000000000000000000
0000000000000000000000000000
0000000000000000000000000000
000000[0, 1]000000000000000000000
0000000000000000000000000000
0000000000000000000000000000
000000[1, 1]000000000000000000000
0000000000000000000000000000
0000000000000000000000000000
0000000[2, 1]00000000000000000000
0000000000000000000000000000
0000000000[11, 1]00[10, 1]00000000000000
0000000[3, 1]00000000000000000000
0000000000000000000000000000
00000000000000[9, 1]0000000000000
00000000[4, 1]0000000000000000000
0000000000000000000000000000
000000000000000[8, 1]000000000000
00000000[5, 1]0000000000000000000
0000000000000000000000000000
00000000000[6, 1]00[7, 1]0000000000000
0000000000000000000000000000
0000000000000000000000000000
0000000000000000000000000000
0000000000000000000000000000
0000000000000000000000000000
