0000000000000000000000000000
0000000000000000000000000000
0000000000000000000000000000
0000000000000000000000000000
0000000000000000000000000000
0000000000000000000000000000
00000000000[0, 1]0000000000000000
0000000000000000000000000000
0000000000000000000000000000
00000000[1, 1]0000000000000000000
0000000000000000000000000000
0000000000000000000000000000
00000000[2, 1]0000000000000000000
0000000000000000000000000000
0000000000000000000000000000
00000000[3, 1]0000000000000000000
0000000000000000000000000000
0000000000000000000000000000
0000000000[4, 1]00000000000000000
0000000000000000000000000000
0000000000000[5, 1]000[6, 1]0000000000
0000000000000000000000000000
0000000000000000000000000000
0000000000000000000000000000
0000000000000000000000000000
0000000000000000000000000000
0000000000000000000000000000
0000000000000000000000000000
