0000000000000000000000000000
0000000000000000000000000000
0000000000000000000000000000
0000000000000000000000000000
000000000000[0, 1]000000000000000
0000000000000000000000000000
0000000000000000000000000000
0000000000000[1, 1]00000000000000
0000000000000000000000000000
0000000000000000000000000000
00000000000000[2, 1]0000000000000
0000000000000000000000000000
0000000000000000000000000000
00000000000000[3, 1]0000000000000
0000000000[10, 1]00000000000000000
0000000000000000000000000000
000000000000000[4, 1]000000000000
00000000[9, 2]0000000000000000000
0000000000000000000000000000
0000000000000000[5, 1]00000000000
000000000[8, 2]000000000000000000
0000000000000000000000000000
000000000000[7, 2]00[6, 2]00[15, 1]000000000
0000000000000000000000000000
0000000000000000000000000000
0000000000000000000000000000
0000000000000000000000000000
0000000000000000000000000000
