0000000000000000000000000000
0000000000000000000000000000
0000000000000000000000000000
0000000000000000000000000000
0000000000000000000000000000
00000000[0, 1]00[39, 1]00[38, 2]0000000000000
00000000000000000[41, 1]0000000000
0000000000000000000000000000
00000[2, 1]00[1, 1]00[36, 1]00[37, 1]0000000000000
00000000000000000[42, 1]00[43, 1]0000000
0000000000000000000000000000
000[8, 1]00[3, 1]00[35, 1]00[30, 1]000000000000000
000000000000000[29, 1]00[28, 1]00[27, 1]000000
0000000000000000000000000000
000[7, 2]00[4, 1]00[34, 1]00[31, 1]000000000000000
000000000000000[24, 1]00[25, 1]00[26, 1]000000
0000000000000000000000000000
000[6, 2]00[5, 1]00[33, 1]00[32, 1]000000000000000
000000000000000[23, 1]00[22, 1]00[21, 1]000000
0000000000000000000000000000
00000[11, 1]00[12, 1]00[15, 1]0000000000000000
00000000000000[16, 1]00[19, 1]00[20, 1]0000000
0000000000000000000000000000
00000000[13, 1]00[14, 1]0000000000000000
00000000000000[17, 1]00[18, 1]0000000000
0000000000000000000000000000
0000000000000000000000000000
0000000000000000000000000000
