0000000000000000000000000000
0000000000000000000000000000
0000000000000000000000000000
0000000000000000000000000000
0000000000000000000000000000
0000000000000000000000000000
0000000000000000000000000000
0000000000000000000000000000
00000000000[0, 1]0000000000000000
00000000000000[1, 1]0000000000000
00000000[15, 1]0000000000000000000
0000000000000000000000000000
00000000000000[2, 1]0000000000000
00000000[4, 2]0000000000000000000
00000000000[3, 1]0000000000000000
0000000000000000000000000000
00000000[5, 2]0000000000000000000
0000000000000000000000000000
0000000000000000000000000000
000000000[6, 2]000000000000000000
000000000000[7, 2]00[8, 2]00[9, 1]000000000
0000000000000000000000000000
0000000000000000000000000000
0000000000000000000000000000
0000000000000000000000000000
0000000000000000000000000000
0000000000000000000000000000
0000000000000000000000000000
