0000000000000000000000000000
0000000000000000000000000000
000000000000[0, 1]00[1, 1]000000000000
0000000000000000000000000000
0000000000000000000000000000
00000000000[3, 1]000[2, 1]000000000000
0000000000000000000000000000
0000000000000000000000000000
00000000000[4, 1]0000000000000000
0000000000000000000000000000
0000000000000000000000000000
00000000000[5, 1]0000000000000000
0000000000000000000000000000
0000000000000000000000000000
00000000000[6, 1]0000000000000000
0000000000000000000000000000
0000000000000000000000000000
000000000000[7, 1]00[8, 1]000000000000
0000000000000000000000000000
0000000000000000000000000000
0000000000000[9, 1]00000000000000
0000000000000000000000000000
0000000000000000000000000000
00000000000000[10, 1]0000000000000
0000000000000000000000000000
0000000000000000000000000000
0000000000000000000000000000
0000000000000000000000000000
