0000000000000000000000000000
0000000000000000000000000000
00000000000000[0, 1]0000000000000
0000000000000000000000000000
00000000000[1, 1]00000[24, 1]0000000000
0000000000000000000000000000
0000000000000000000000000000
000000000[2, 1]000000[23, 1]00000000000
0000000000000000000000000000
0000000000000000000000000000
000000000[3, 1]00000[5, 1]00[6, 2]000000000
0000000000000000000000000000
000000000000[4, 1]000000000000000
00000000000000000[7, 2]0000000000
0000000000000000000000000000
0000000000000000000000000000
000000000000000000[8, 2]000000000
0000000000000000000000000000
0000000000000000000000000000
00000000000000000[9, 2]0000000000
0000000000000000000000000000
00000[14, 1]0000000000000000000000
0000000000000000[10, 2]00000000000
0000000000000000000000000000
0000000[13, 2]00[12, 2]00[11, 2]00000000000000
0000000000000000000000000000
0000000000000000000000000000
0000000000000000000000000000
