0000000000000000000000000000
0000000000000000000000000000
0000000000000000000000000000
0000000000000000000000000000
0000000000000000000000000000
00000000[0, 1]0000000000000000000
0000000000000000000000000000
0000000000000000000000000000
00000000[1, 1]0000000000000000000
0000000000000000000000000000
0000000000000000000000000000
000000000[2, 1]000000000000000000
0000000000000000000000000000
0000000000000000000000000000
0000000000[3, 1]00000000000000000
00000000000000[9, 1]0000000000000
00000000000000000[10, 1]0000000000
0000000000[4, 2]00000000000000000
0000000000000000000000000000
000000000000000000[11, 1]000000000
0000000000[5, 2]00000000000000000
0000000000000000000000000000
0000000000000000000[12, 1]00000000
00000000000[6, 1]0000000000000000
0000000000000000000000000000
00000000000000000000[13, 1]0000000
0000000000000000000000000000
0000000000000000000000000000
