0000000000000000000000000000
0000000000000000000000000000
0000000000000000000000000000
0000000000000000000000000000
0000000000000000000000000000
0000000000000000000000000000
00000000000[0, 1]0000000000000000
0000000[24, 1]000000[20, 2]0000000000000
00000000000000000[21, 1]0000000000
00000000000[1, 3]0000000000000000
0000000000000000000000000000
0000000000000000000000000000
000000000000[2, 2]000000000000000
0000000000000000000000000000
0000000000000000000000000000
000000000000[3, 2]000000000000000
0000000000000000000000000000
0000000000000000000000000000
000000000000[4, 2]000000000000000
0000000000000000000000000000
0000000000000000000000000000
0000000000000[5, 2]00000000000000
0000000000000000000000000000
0000000000000000[9, 2]00[10, 2]00[11, 1]00000
0000000000[7, 1]00[6, 3]00000000000000
0000000000000000000000000000
0000000000000000000000000000
0000000000000000000000000000
