0000000000000000000000000000
0000000000000000000000000000
0000000000000000000000000000
0000000000000000000000000000
0000000000000000000000000000
0000000000000000000000000000
0000000000001111100000000000
0000000000011111110000000000
0000000000111000010000000000
0000000000110000011000000000
0000000001100000011000000000
0000000001100000011000000000
0000000001000000011000000000
0000000011000000011000000000
0000000011000000011000000000
0000000011000000011000000000
0000000011000000011000000000
0000000011000000011000000000
0000000011000000011000000000
0000000001100000111100000000
0000000000111111111110000000
0000000000011111001110000000
0000000000000000000000000000
0000000000000000000000000000
0000000000000000000000000000
0000000000000000000000000000
0000000000000000000000000000
0000000000000000000000000000
