0000000000000000000000000000
0000000000000000000000000000
0000000000000000000000000000
0000000000000000000000000000
0000000000000000000000000000
0000001000000000000000000000
0000001000000000000000000000
0000001100000000000000000000
0000001100000000000000000000
0000001100000000000000000000
0000001100000000000000000000
0000000110000000000000000000
0000000110000000000000000000
0000000111111110000000000000
0000000111100110000000000000
0000000011000011000000000000
0000000011000011000000000000
0000000011000001100000000000
0000000011000001100000000000
0000000011000001100000000000
0000000011000001000000000000
0000000001100011000000000000
0000000001111110000000000000
0000000000000000000000000000
0000000000000000000000000000
0000000000000000000000000000
0000000000000000000000000000
0000000000000000000000000000
