0000000000000000000000000000
0000000000000000000000000000
0000000000000000000000000000
0000000000000000000000000000
0000000000001100000000000000
0000000000001100000000000000
0000000000000110000000000000
0000000000000110000000000000
0000000000000110000000000000
0000000000000110000000000000
0000000000000011000000000000
0000000000000011000000000000
0000000000000011000000000000
0000000000000011000000000000
0000000000111011000000000000
0000000001110001100000000000
0000000001100001100000000000
0000000011000000110000000000
0000000011000000110000000000
0000000001000000110000000000
0000000001100000110000000000
0000000000110000111000000000
0000000000011111101100000000
0000000000001111000000000000
0000000000000000000000000000
0000000000000000000000000000
0000000000000000000000000000
0000000000000000000000000000
