0000000000000000000000000000
0000000000000000000000000000
0000000000000000000000000000
0000000000000000000000000000
0000000000000000000000000000
0000000000000000000000000000
0000000000000000000000000000
0000000000000000000000000000
0000000000011000000000000000
0000000001111110000000000000
0000000011000010000000000000
0000000011000011000000000000
0000000010000011000000000000
0000000010000011000000000000
0000000011111110000000000000
0000000011111000000000000000
0000000011000000000000000000
0000000011000000000000000000
0000000001100000000000000000
0000000001100000000000000000
0000000000111111111110000000
0000000000001111110000000000
0000000000000000000000000000
0000000000000000000000000000
0000000000000000000000000000
0000000000000000000000000000
0000000000000000000000000000
0000000000000000000000000000
