0000000000000000000000000000
0000000000000000000000000000
0000000000000000000000000000
0000000000000000000000000000
0000000000000000000000000000
0000000011000000000000000000
0000000011000000000000000000
0000000011000000000000000000
0000000011000000000000000000
0000000001100000000000000000
0000000001100000000000000000
0000000001100000000000000000
0000000001100000000000000000
0000000001100000000000000000
0000000000110000000000000000
0000000000111011100000000000
0000000000111111110000000000
0000000000111100111000000000
0000000000111000011000000000
0000000000111000001100000000
0000000000111000001100000000
0000000000111000001110000000
0000000000110000000110000000
0000000000010000000111000000
0000000000010000000011000000
0000000000011000000011000000
0000000000000000000001000000
0000000000000000000000000000
